#                                                                                                          --- full sequence --- -------------- this domain -------------   hmm coord   ali coord   env coord
# target name                                      accession   tlen query name           accession   qlen   E-value  score  bias   #  of  c-Evalue  i-Evalue  score  bias  from    to  from    to  from    to  acc description of target
#                              ------------------- ---------- ----- -------------------- ---------- ----- --------- ------ ----- --- --- --------- --------- ------ ----- ----- ----- ----- ----- ----- ----- ---- ---------------------
NODE_34_length_34313_cov_39.172538:3582-4034|-     -            151 9806661              -            160   4.8e-56  186.9   0.1   1   1   4.5e-59   5.3e-56  186.8   0.1     2   149     1   148     1   150 0.98 NODE_34_length_34313_cov_39.172538_4 # 3582 # 4034 # -1 # ID=34_4;partial=00;start_type=ATG;rbs_motif=AAGAA;rbs_spacer=14bp;gc_cont=0.430
NODE_25_length_59335_cov_37.855614:24583-25173|-   -            197 9806661              -            160   1.4e-09   35.9   0.0   1   2   9.4e-09   1.1e-05   23.3   0.0     2    70     4    77     3    82 0.84 NODE_25_length_59335_cov_37.855614_22 # 24583 # 25173 # -1 # ID=25_22;partial=00;start_type=ATG;rbs_motif=None;rbs_spacer=None;gc_cont=0.453
NODE_25_length_59335_cov_37.855614:24583-25173|-   -            197 9806661              -            160   1.4e-09   35.9   0.0   2   2   7.1e-05     0.083   10.7   0.0   125   155   157   188   147   193 0.87 NODE_25_length_59335_cov_37.855614_22 # 24583 # 25173 # -1 # ID=25_22;partial=00;start_type=ATG;rbs_motif=None;rbs_spacer=None;gc_cont=0.453
NODE_1_length_523019_cov_35.337313:175943-176371|- -            143 9806661              -            160   8.5e-08   30.1   0.0   1   1     1e-10   1.2e-07   29.7   0.0     5   140     4   140     1   142 0.78 NODE_1_length_523019_cov_35.337313_153 # 175943 # 176371 # -1 # ID=1_153;partial=00;start_type=ATG;rbs_motif=None;rbs_spacer=None;gc_cont=0.308
NODE_7_length_286996_cov_37.800226:114687-116009|+ -            441 9806661              -            160   0.00012   19.9   0.0   1   2   1.9e-05     0.022   12.6   0.0     9    58    10    64     3    82 0.76 NODE_7_length_286996_cov_37.800226_85 # 114687 # 116009 # 1 # ID=7_85;partial=00;start_type=ATG;rbs_motif=TAAA;rbs_spacer=11bp;gc_cont=0.364
NODE_7_length_286996_cov_37.800226:114687-116009|+ -            441 9806661              -            160   0.00012   19.9   0.0   2   2    0.0048       5.5    4.7   0.0    46   121   142   216   131   219 0.81 NODE_7_length_286996_cov_37.800226_85 # 114687 # 116009 # 1 # ID=7_85;partial=00;start_type=ATG;rbs_motif=TAAA;rbs_spacer=11bp;gc_cont=0.364
#
# Program:         hmmsearch
# Version:         3.4 (Aug 2023)
# Pipeline mode:   SEARCH
# Query file:      /home/kpchuang/Documents/03_whole_genome_assembly/01_raw_reads/short_reads_assembly/04_short_reads_assembly/busco_downloads/lineages/bacteria_odb12/hmms/9806661at2.hmm
# Target file:     /home/kpchuang/Documents/03_whole_genome_assembly/01_raw_reads/short_reads_assembly/04_short_reads_assembly/busco_results/prodigal_output/predicted_genes/predicted.faa
# Option settings: hmmsearch --domtblout /home/kpchuang/Documents/03_whole_genome_assembly/01_raw_reads/short_reads_assembly/04_short_reads_assembly/busco_results/auto_lineage/run_bacteria_odb12/hmmer_output/9806661at2.out --cpu 1 /home/kpchuang/Documents/03_whole_genome_assembly/01_raw_reads/short_reads_assembly/04_short_reads_assembly/busco_downloads/lineages/bacteria_odb12/hmms/9806661at2.hmm /home/kpchuang/Documents/03_whole_genome_assembly/01_raw_reads/short_reads_assembly/04_short_reads_assembly/busco_results/prodigal_output/predicted_genes/predicted.faa 
# Current dir:     /home/kpchuang/Documents/03_whole_genome_assembly/01_raw_reads/short_reads_assembly/04_short_reads_assembly
# Date:            Thu Jan  1 15:32:52 2026
# [ok]
