#                                                                                                          --- full sequence --- -------------- this domain -------------   hmm coord   ali coord   env coord
# target name                                      accession   tlen query name           accession   qlen   E-value  score  bias   #  of  c-Evalue  i-Evalue  score  bias  from    to  from    to  from    to  acc description of target
#                              ------------------- ---------- ----- -------------------- ---------- ----- --------- ------ ----- --- --- --------- --------- ------ ----- ----- ----- ----- ----- ----- ----- ---- ---------------------
NODE_5_length_339081_cov_37.984555:76939-78081|+   -            381 9808936              -            355  2.6e-114  379.8   2.2   1   1  2.6e-117    3e-114  379.6   2.2     4   353    14   378    11   380 0.93 NODE_5_length_339081_cov_37.984555_53 # 76939 # 78081 # 1 # ID=5_53;partial=00;start_type=ATG;rbs_motif=TAAA;rbs_spacer=13bp;gc_cont=0.452
NODE_1_length_523019_cov_35.337313:122385-123509|- -            375 9808936              -            355   0.00023   18.1   0.0   1   2      0.11   1.3e+02   -0.8   0.0     7    39     5    37     1    59 0.78 NODE_1_length_523019_cov_35.337313_103 # 122385 # 123509 # -1 # ID=1_103;partial=00;start_type=ATG;rbs_motif=AATAA;rbs_spacer=10bp;gc_cont=0.443
NODE_1_length_523019_cov_35.337313:122385-123509|- -            375 9808936              -            355   0.00023   18.1   0.0   2   2   8.6e-07   0.00099   16.1   0.0   235   311   258   325   222   357 0.74 NODE_1_length_523019_cov_35.337313_103 # 122385 # 123509 # -1 # ID=1_103;partial=00;start_type=ATG;rbs_motif=AATAA;rbs_spacer=10bp;gc_cont=0.443
NODE_2_length_424706_cov_34.285840:152538-153668|+ -            377 9808936              -            355     0.012   12.5   0.0   1   1   2.1e-05     0.024   11.5   0.0    32   124    28   117     4   120 0.71 NODE_2_length_424706_cov_34.285840_117 # 152538 # 153668 # 1 # ID=2_117;partial=00;start_type=ATG;rbs_motif=TAAA;rbs_spacer=9bp;gc_cont=0.411
NODE_7_length_286996_cov_37.800226:126761-127900|+ -            380 9808936              -            355     0.015   12.1   0.0   1   2   3.1e-05     0.036   10.9   0.0    82   124    77   119    68   123 0.91 NODE_7_length_286996_cov_37.800226_96 # 126761 # 127900 # 1 # ID=7_96;partial=00;start_type=ATG;rbs_motif=TAA;rbs_spacer=13bp;gc_cont=0.425
NODE_7_length_286996_cov_37.800226:126761-127900|+ -            380 9808936              -            355     0.015   12.1   0.0   2   2      0.56   6.6e+02   -3.1   0.0   146   169   157   178   144   187 0.70 NODE_7_length_286996_cov_37.800226_96 # 126761 # 127900 # 1 # ID=7_96;partial=00;start_type=ATG;rbs_motif=TAA;rbs_spacer=13bp;gc_cont=0.425
#
# Program:         hmmsearch
# Version:         3.4 (Aug 2023)
# Pipeline mode:   SEARCH
# Query file:      /home/kpchuang/Documents/03_whole_genome_assembly/01_raw_reads/short_reads_assembly/04_short_reads_assembly/busco_downloads/lineages/bacteria_odb12/hmms/9808936at2.hmm
# Target file:     /home/kpchuang/Documents/03_whole_genome_assembly/01_raw_reads/short_reads_assembly/04_short_reads_assembly/busco_results/prodigal_output/predicted_genes/predicted.faa
# Option settings: hmmsearch --domtblout /home/kpchuang/Documents/03_whole_genome_assembly/01_raw_reads/short_reads_assembly/04_short_reads_assembly/busco_results/auto_lineage/run_bacteria_odb12/hmmer_output/9808936at2.out --cpu 1 /home/kpchuang/Documents/03_whole_genome_assembly/01_raw_reads/short_reads_assembly/04_short_reads_assembly/busco_downloads/lineages/bacteria_odb12/hmms/9808936at2.hmm /home/kpchuang/Documents/03_whole_genome_assembly/01_raw_reads/short_reads_assembly/04_short_reads_assembly/busco_results/prodigal_output/predicted_genes/predicted.faa 
# Current dir:     /home/kpchuang/Documents/03_whole_genome_assembly/01_raw_reads/short_reads_assembly/04_short_reads_assembly
# Date:            Thu Jan  1 15:32:53 2026
# [ok]
