#                                                                                                          --- full sequence --- -------------- this domain -------------   hmm coord   ali coord   env coord
# target name                                      accession   tlen query name           accession   qlen   E-value  score  bias   #  of  c-Evalue  i-Evalue  score  bias  from    to  from    to  from    to  acc description of target
#                              ------------------- ---------- ----- -------------------- ---------- ----- --------- ------ ----- --- --- --------- --------- ------ ----- ----- ----- ----- ----- ----- ----- ---- ---------------------
NODE_1_length_523019_cov_35.337313:175943-176371|- -            143 1912                 -            142   6.9e-26   89.0   0.1   1   1   9.4e-29   8.8e-26   88.6   0.1     2   137     2   137     1   141 0.85 NODE_1_length_523019_cov_35.337313_153 # 175943 # 176371 # -1 # ID=1_153;partial=00;start_type=ATG;rbs_motif=None;rbs_spacer=None;gc_cont=0.308
NODE_7_length_286996_cov_37.800226:114687-116009|+ -            441 1912                 -            142   1.6e-17   61.8   0.0   1   1   3.6e-20   3.3e-17   60.8   0.0     3   114     6   113     4   149 0.80 NODE_7_length_286996_cov_37.800226_85 # 114687 # 116009 # 1 # ID=7_85;partial=00;start_type=ATG;rbs_motif=TAAA;rbs_spacer=11bp;gc_cont=0.364
NODE_34_length_34313_cov_39.172538:3582-4034|-     -            151 1912                 -            142    0.0088   14.1   0.0   1   1   9.8e-06    0.0091   14.0   0.0     1    62     1    57     1   138 0.88 NODE_34_length_34313_cov_39.172538_4 # 3582 # 4034 # -1 # ID=34_4;partial=00;start_type=ATG;rbs_motif=AAGAA;rbs_spacer=14bp;gc_cont=0.430
NODE_16_length_96149_cov_39.011366:80169-81098|+   -            310 1912                 -            142     0.019   13.0   0.0   1   2    0.0015       1.4    6.9   0.0     4    27    16    39    13    47 0.87 NODE_16_length_96149_cov_39.011366_63 # 80169 # 81098 # 1 # ID=16_63;partial=00;start_type=ATG;rbs_motif=TAA;rbs_spacer=15bp;gc_cont=0.480
NODE_16_length_96149_cov_39.011366:80169-81098|+   -            310 1912                 -            142     0.019   13.0   0.0   2   2     0.014        13    3.8   0.0    87   138   117   172    90   175 0.72 NODE_16_length_96149_cov_39.011366_63 # 80169 # 81098 # 1 # ID=16_63;partial=00;start_type=ATG;rbs_motif=TAA;rbs_spacer=15bp;gc_cont=0.480
NODE_25_length_59335_cov_37.855614:24583-25173|-   -            197 1912                 -            142     0.047   11.7   0.0   1   1   8.4e-05     0.078   11.0   0.0     5    60     8    63     4    67 0.85 NODE_25_length_59335_cov_37.855614_22 # 24583 # 25173 # -1 # ID=25_22;partial=00;start_type=ATG;rbs_motif=None;rbs_spacer=None;gc_cont=0.453
#
# Program:         hmmsearch
# Version:         3.4 (Aug 2023)
# Pipeline mode:   SEARCH
# Query file:      /home/kpchuang/Documents/03_whole_genome_assembly/01_raw_reads/short_reads_assembly/04_short_reads_assembly/busco_downloads/lineages/archaea_odb12/hmms/1912at2157.hmm
# Target file:     /home/kpchuang/Documents/03_whole_genome_assembly/01_raw_reads/short_reads_assembly/04_short_reads_assembly/busco_results/prodigal_output/predicted_genes/predicted.faa
# Option settings: hmmsearch --domtblout /home/kpchuang/Documents/03_whole_genome_assembly/01_raw_reads/short_reads_assembly/04_short_reads_assembly/busco_results/auto_lineage/run_archaea_odb12/hmmer_output/1912at2157.out --cpu 1 /home/kpchuang/Documents/03_whole_genome_assembly/01_raw_reads/short_reads_assembly/04_short_reads_assembly/busco_downloads/lineages/archaea_odb12/hmms/1912at2157.hmm /home/kpchuang/Documents/03_whole_genome_assembly/01_raw_reads/short_reads_assembly/04_short_reads_assembly/busco_results/prodigal_output/predicted_genes/predicted.faa 
# Current dir:     /home/kpchuang/Documents/03_whole_genome_assembly/01_raw_reads/short_reads_assembly/04_short_reads_assembly
# Date:            Thu Jan  1 15:31:54 2026
# [ok]
