#                                                                                                          --- full sequence --- -------------- this domain -------------   hmm coord   ali coord   env coord
# target name                                      accession   tlen query name           accession   qlen   E-value  score  bias   #  of  c-Evalue  i-Evalue  score  bias  from    to  from    to  from    to  acc description of target
#                              ------------------- ---------- ----- -------------------- ---------- ----- --------- ------ ----- --- --- --------- --------- ------ ----- ----- ----- ----- ----- ----- ----- ---- ---------------------
NODE_1_length_523019_cov_35.337313:192904-194223|+ -            440 52849                -            406    6e-113  375.7  12.8   1   1  7.7e-116  7.2e-113  375.4  12.8     5   404     9   427     5   429 0.91 NODE_1_length_523019_cov_35.337313_167 # 192904 # 194223 # 1 # ID=1_167;partial=00;start_type=ATG;rbs_motif=TAA;rbs_spacer=9bp;gc_cont=0.502
NODE_3_length_402718_cov_33.543387:324825-325784|- -            320 52849                -            406   2.6e-59  199.0   7.7   1   1   3.6e-62   3.4e-59  198.7   7.7     8   281    26   316    19   318 0.86 NODE_3_length_402718_cov_33.543387_301 # 324825 # 325784 # -1 # ID=3_301;partial=00;start_type=ATG;rbs_motif=AATAA;rbs_spacer=8bp;gc_cont=0.419
NODE_20_length_78426_cov_83.509694:64535-65353|-   -            273 52849                -            406   0.00011   19.2   0.1   1   2   2.4e-07   0.00022   18.2   0.0    94   197    28   139     8   146 0.77 NODE_20_length_78426_cov_83.509694_64 # 64535 # 65353 # -1 # ID=20_64;partial=00;start_type=TTG;rbs_motif=TAAAAA;rbs_spacer=5bp;gc_cont=0.349
NODE_20_length_78426_cov_83.509694:64535-65353|-   -            273 52849                -            406   0.00011   19.2   0.1   2   2       0.7   6.5e+02   -3.2   0.0   383   402   210   229   208   233 0.79 NODE_20_length_78426_cov_83.509694_64 # 64535 # 65353 # -1 # ID=20_64;partial=00;start_type=TTG;rbs_motif=TAAAAA;rbs_spacer=5bp;gc_cont=0.349
NODE_26_length_56437_cov_36.985611:32741-33847|-   -            369 52849                -            406    0.0013   15.6   0.0   1   1   2.1e-06     0.002   15.0   0.0    96   131   108   143    94   160 0.88 NODE_26_length_56437_cov_36.985611_24 # 32741 # 33847 # -1 # ID=26_24;partial=00;start_type=ATG;rbs_motif=TAAA;rbs_spacer=11bp;gc_cont=0.474
NODE_4_length_379350_cov_35.042700:45353-45961|-   -            203 52849                -            406    0.0024   14.7   0.0   1   1   3.4e-06    0.0032   14.3   0.0    89   134    28    73     6    86 0.82 NODE_4_length_379350_cov_35.042700_40 # 45353 # 45961 # -1 # ID=4_40;partial=00;start_type=ATG;rbs_motif=TAA;rbs_spacer=9bp;gc_cont=0.452
#
# Program:         hmmsearch
# Version:         3.4 (Aug 2023)
# Pipeline mode:   SEARCH
# Query file:      /home/kpchuang/Documents/03_whole_genome_assembly/01_raw_reads/short_reads_assembly/04_short_reads_assembly/busco_downloads/lineages/archaea_odb12/hmms/52849at2157.hmm
# Target file:     /home/kpchuang/Documents/03_whole_genome_assembly/01_raw_reads/short_reads_assembly/04_short_reads_assembly/busco_results/prodigal_output/predicted_genes/predicted.faa
# Option settings: hmmsearch --domtblout /home/kpchuang/Documents/03_whole_genome_assembly/01_raw_reads/short_reads_assembly/04_short_reads_assembly/busco_results/auto_lineage/run_archaea_odb12/hmmer_output/52849at2157.out --cpu 1 /home/kpchuang/Documents/03_whole_genome_assembly/01_raw_reads/short_reads_assembly/04_short_reads_assembly/busco_downloads/lineages/archaea_odb12/hmms/52849at2157.hmm /home/kpchuang/Documents/03_whole_genome_assembly/01_raw_reads/short_reads_assembly/04_short_reads_assembly/busco_results/prodigal_output/predicted_genes/predicted.faa 
# Current dir:     /home/kpchuang/Documents/03_whole_genome_assembly/01_raw_reads/short_reads_assembly/04_short_reads_assembly
# Date:            Thu Jan  1 15:31:56 2026
# [ok]
